          1         2         3         4         5         6         7   \
1   1.000000  0.778871  0.642040  0.528952  0.603947  0.556612  0.364230   
2   0.778871  1.000000  0.535894  0.656627  0.591775  0.543583  0.303834   
3   0.642040  0.535894  1.000000  0.824024  0.918894  0.861862  0.511512   
4   0.528952  0.656627  0.824024  1.000000  0.882308  0.829905  0.445019   
5   0.603947  0.591775  0.918894  0.882308  1.000000  0.904048  0.492586   
6   0.556612  0.543583  0.861862  0.829905  0.904048  1.000000  0.469922   
7   0.364230  0.303834  0.511512  0.445019  0.492586  0.469922  1.000000   
8   0.528721  0.436336  0.805068  0.691757  0.766342  0.710047  0.609609   
9   0.633536  0.627367  0.690361  0.679904  0.653022  0.607065  0.362893   
10  0.458122  0.386732  0.600456  0.520400  0.571630  0.538424  0.577289   
11  0.299838  0.256296  0.400282  0.351883  0.384909  0.364503  0.412326   
12  0.205299  0.176816  0.277118  0.245732  0.268180  0.254751  0.298618   
13  0.648011  0.543664  0.966873  0.830367  0.914293  0.850924  0.512783   
14  0.343040  0.393926  0.523148  0.590121  0.552835  0.516376  0.306003   
15  0.342862  0.393876  0.522880  0.590013  0.552590  0.516144  0.305839   
16  0.528464  0.604495  0.824586  0.930195  0.865608  0.811532  0.444767   
17  0.464099  0.524464  0.699750  0.782170  0.729566  0.694981  0.392102   
18  0.410604  0.501289  0.371229  0.437048  0.409714  0.377922  0.231747   
19  0.505669  0.573710  0.738853  0.825163  0.774772  0.736641  0.400804   
20  0.115739  0.132027  0.191764  0.212481  0.201861  0.189810  0.200761   
21  0.148651  0.170262  0.245653  0.273189  0.258747  0.243005  0.249687   
22  0.116461  0.132570  0.192389  0.213347  0.202522  0.190491  0.201588   
23  0.149027  0.170354  0.245456  0.273465  0.258678  0.242949  0.249674   
24  0.825463  0.823128  0.557838  0.548735  0.524854  0.478102  0.309698   
25  0.334517  0.332685  0.528750  0.537738  0.504757  0.469373  0.301157   
26  0.594552  0.593731  0.789289  0.798279  0.746739  0.695819  0.455786   
27  0.325806  0.320647  0.373302  0.364596  0.354170  0.319424  0.222348   
28  0.325580  0.320433  0.373358  0.364505  0.354235  0.319388  0.222324   
29  0.325553  0.320489  0.373418  0.364482  0.354180  0.319394  0.222289   
30  0.325561  0.320559  0.373518  0.364457  0.354125  0.319407  0.222313   
31  0.463717  0.458851  0.692144  0.697467  0.659135  0.629224  0.483858   
32  0.572938  0.563002  0.841283  0.843401  0.792692  0.743436  0.442303   
33  0.567337  0.563749  0.838226  0.844144  0.794499  0.741423  0.441499   
34  0.578994  0.572334  0.888275  0.890329  0.840229  0.791072  0.472859   
35  0.250387  0.257002  0.392077  0.404971  0.377986  0.353581  0.247801   
36  0.580547  0.567343  0.893776  0.886271  0.835706  0.790686  0.470176   
37  0.580522  0.567658  0.893308  0.885650  0.835139  0.790235  0.469866   
38  0.580493  0.567629  0.893279  0.885621  0.835148  0.790171  0.469823   
39  0.277474  0.277592  0.428192  0.436348  0.411898  0.385278  0.264926   
40  0.668288  0.665989  0.611460  0.598933  0.577937  0.535250  0.356157   

          8         9         10  ...        31        32        33        34  \
1   0.528721  0.633536  0.458122  ...  0.463717  0.572938  0.567337  0.578994   
2   0.436336  0.627367  0.386732  ...  0.458851  0.563002  0.563749  0.572334   
3   0.805068  0.690361  0.600456  ...  0.692144  0.841283  0.838226  0.888275   
4   0.691757  0.679904  0.520400  ...  0.697467  0.843401  0.844144  0.890329   
5   0.766342  0.653022  0.571630  ...  0.659135  0.792692  0.794499  0.840229   
6   0.710047  0.607065  0.538424  ...  0.629224  0.743436  0.741423  0.791072   
7   0.609609  0.362893  0.577289  ...  0.483858  0.442303  0.441499  0.472859   
8   1.000000  0.570006  0.515927  ...  0.589610  0.699079  0.699350  0.745398   
9   0.570006  1.000000  0.432169  ...  0.607787  0.673875  0.679288  0.735537   
10  0.515927  0.432169  1.000000  ...  0.542386  0.544569  0.545099  0.553190   
11  0.353478  0.293051  0.652020  ...  0.374364  0.362465  0.362867  0.370413   
12  0.248948  0.204992  0.446289  ...  0.264924  0.250698  0.250974  0.257140   
13  0.808974  0.706002  0.601322  ...  0.701784  0.840356  0.845459  0.890558   
14  0.456430  0.420680  0.356550  ...  0.466146  0.540189  0.542893  0.562488   
15  0.456145  0.420455  0.356458  ...  0.466012  0.540023  0.542727  0.562330   
16  0.700301  0.679518  0.519329  ...  0.700754  0.854879  0.857822  0.893882   
17  0.591710  0.587929  0.458995  ...  0.637143  0.734266  0.732494  0.761594   
18  0.307732  0.505356  0.289666  ...  0.331422  0.378809  0.379555  0.389835   
19  0.618731  0.607986  0.490411  ...  0.656423  0.852327  0.850445  0.803608   
20  0.171274  0.154293  0.281471  ...  0.227146  0.191876  0.192180  0.203106   
21  0.217139  0.196940  0.352310  ...  0.288794  0.246460  0.246850  0.260811   
22  0.171865  0.153721  0.277691  ...  0.226456  0.192763  0.192484  0.204074   
23  0.217156  0.195549  0.352197  ...  0.287191  0.246695  0.246294  0.261054   
24  0.448795  0.647035  0.396832  ...  0.470405  0.638857  0.638107  0.592726   
25  0.446939  0.425111  0.350900  ...  0.472859  0.528233  0.527688  0.577047   
26  0.654798  0.627294  0.561683  ...  0.658577  0.915638  0.914334  0.853304   
27  0.346693  0.533485  0.233478  ...  0.333402  0.379825  0.375937  0.398735   
28  0.346670  0.533692  0.233484  ...  0.333626  0.379793  0.375973  0.398616   
29  0.346649  0.533531  0.233468  ...  0.333286  0.379876  0.375947  0.398807   
30  0.346594  0.533636  0.233429  ...  0.333266  0.379902  0.375921  0.399201   
31  0.589610  0.607787  0.542386  ...  1.000000  0.700525  0.705729  0.752082   
32  0.699079  0.673875  0.544569  ...  0.700525  1.000000  0.978839  0.910881   
33  0.699350  0.679288  0.545099  ...  0.705729  0.978839  1.000000  0.909035   
34  0.745398  0.735537  0.553190  ...  0.752082  0.910881  0.909035  1.000000   
35  0.341679  0.318981  0.282301  ...  0.364242  0.400563  0.400768  0.426002   
36  0.738494  0.731463  0.550284  ...  0.749461  0.915868  0.907280  0.973811   
37  0.738966  0.730835  0.549911  ...  0.749043  0.916477  0.907868  0.974197   
38  0.738947  0.730807  0.549864  ...  0.749067  0.916447  0.907899  0.974167   
39  0.370117  0.352192  0.303448  ...  0.396304  0.429333  0.426790  0.466505   
40  0.502242  0.862953  0.446891  ...  0.533336  0.637329  0.635105  0.645428   

          35        36        37        38        39        40  
1   0.250387  0.580547  0.580522  0.580493  0.277474  0.668288  
2   0.257002  0.567343  0.567658  0.567629  0.277592  0.665989  
3   0.392077  0.893776  0.893308  0.893279  0.428192  0.611460  
4   0.404971  0.886271  0.885650  0.885621  0.436348  0.598933  
5   0.377986  0.835706  0.835139  0.835148  0.411898  0.577937  
6   0.353581  0.790686  0.790235  0.790171  0.385278  0.535250  
7   0.247801  0.470176  0.469866  0.469823  0.264926  0.356157  
8   0.341679  0.738494  0.738966  0.738947  0.370117  0.502242  
9   0.318981  0.731463  0.730835  0.730807  0.352192  0.862953  
10  0.282301  0.550284  0.549911  0.549864  0.303448  0.446891  
11  0.214852  0.368432  0.368183  0.368170  0.227586  0.299634  
12  0.162895  0.255766  0.255593  0.255570  0.170679  0.208190  
13  0.394656  0.884490  0.884532  0.884465  0.429082  0.620233  
14  0.420211  0.559897  0.559771  0.559707  0.488576  0.368842  
15  0.420150  0.559793  0.559614  0.559550  0.488473  0.368734  
16  0.405615  0.890899  0.890286  0.890257  0.435107  0.601815  
17  0.365387  0.755744  0.755800  0.755748  0.386309  0.526236  
18  0.297608  0.386335  0.386084  0.386250  0.356968  0.532072  
19  0.367528  0.796505  0.796094  0.796066  0.389603  0.572415  
20  0.242292  0.201578  0.201435  0.201427  0.251617  0.133264  
21  0.301771  0.258791  0.258608  0.258623  0.316065  0.169850  
22  0.243278  0.202578  0.202418  0.202372  0.252675  0.132477  
23  0.302046  0.259066  0.258862  0.258873  0.316290  0.168210  
24  0.261204  0.587675  0.587539  0.587512  0.278272  0.694100  
25  0.471315  0.574146  0.573715  0.573764  0.569950  0.360216  
26  0.373118  0.848686  0.848111  0.848084  0.399332  0.665666  
27  0.336379  0.395432  0.394919  0.394896  0.372245  0.450540  
28  0.336364  0.395401  0.394895  0.394874  0.372264  0.450695  
29  0.336307  0.395380  0.394942  0.394919  0.372249  0.450488  
30  0.336329  0.395281  0.395008  0.394985  0.372280  0.450460  
31  0.364242  0.749461  0.749043  0.749067  0.396304  0.533336  
32  0.400563  0.915868  0.916477  0.916447  0.429333  0.637329  
33  0.400768  0.907280  0.907868  0.907899  0.426790  0.635105  
34  0.426002  0.973811  0.974197  0.974167  0.466505  0.645428  
35  1.000000  0.423537  0.423417  0.423466  0.785868  0.278179  
36  0.423537  1.000000  0.993852  0.993663  0.468116  0.640208  
37  0.423417  0.993852  1.000000  0.994636  0.467779  0.639685  
38  0.423466  0.993663  0.994636  1.000000  0.467804  0.639812  
39  0.785868  0.468116  0.467779  0.467804  1.000000  0.302317  
40  0.278179  0.640208  0.639685  0.639812  0.302317  1.000000  

[40 rows x 40 columns]
